Pressure (GPa)       Temperature (K)
  0.00000000e+00            -inf
  3.54405807e+02  5.69085784e+03
  3.54405807e+02  5.69085784e+03
  3.54405807e+02  5.69085784e+03
  3.54403169e+02  5.69084102e+03
  3.54395751e+02  5.69079375e+03
  3.54382458e+02  5.69070902e+03
  3.54362679e+02  5.69058294e+03
  3.54336038e+02  5.69041314e+03
  3.54302293e+02  5.69019805e+03
  3.54261276e+02  5.68993661e+03
  3.54212868e+02  5.68962806e+03
  3.54156981e+02  5.68927185e+03
  3.54093550e+02  5.68886754e+03
  3.54022522e+02  5.68841482e+03
  3.53943865e+02  5.68791346e+03
  3.53857534e+02  5.68736320e+03
  3.53763513e+02  5.68676391e+03
  3.53661779e+02  5.68611547e+03
  3.53552317e+02  5.68541777e+03
  3.53435115e+02  5.68467073e+03
  3.53310160e+02  5.68387428e+03
  3.53177446e+02  5.68302837e+03
  3.53036965e+02  5.68213296e+03
  3.52888725e+02  5.68118810e+03
  3.52732698e+02  5.68019359e+03
  3.52568896e+02  5.67914953e+03
  3.52397315e+02  5.67805589e+03
  3.52217955e+02  5.67691266e+03
  3.52030816e+02  5.67571986e+03
  3.51835900e+02  5.67447748e+03
  3.51633207e+02  5.67318554e+03
  3.51422741e+02  5.67184404e+03
  3.51204504e+02  5.67045302e+03
  3.50978517e+02  5.66901259e+03
  3.50744746e+02  5.66752256e+03
  3.50503218e+02  5.66598308e+03
  3.50253934e+02  5.66439417e+03
  3.49996900e+02  5.66275586e+03
  3.49732121e+02  5.66106818e+03
  3.49459603e+02  5.65933117e+03
  3.49179352e+02  5.65754488e+03
  3.48891373e+02  5.65570933e+03
  3.48595698e+02  5.65382472e+03
  3.48292285e+02  5.65189079e+03
  3.47981168e+02  5.64990776e+03
  3.47662353e+02  5.64787566e+03
  3.47335847e+02  5.64579454e+03
  3.47001659e+02  5.64366446e+03
  3.46659798e+02  5.64148546e+03
  3.46310270e+02  5.63925761e+03
  3.45953087e+02  5.63698095e+03
  3.45588256e+02  5.63465555e+03
  3.45215817e+02  5.63228166e+03
  3.44835719e+02  5.62985895e+03
  3.44448005e+02  5.62738769e+03
  3.44052683e+02  5.62486795e+03
  3.43649764e+02  5.62229977e+03
  3.43239257e+02  5.61968324e+03
  3.42821174e+02  5.61701842e+03
  3.42395526e+02  5.61430537e+03
  3.41962325e+02  5.61154418e+03
  3.41521615e+02  5.60873514e+03
  3.41073339e+02  5.60587787e+03
  3.40617547e+02  5.60297269e+03
  3.40154249e+02  5.60001967e+03
  3.39683456e+02  5.59701888e+03
  3.39205183e+02  5.59397041e+03
  3.38719441e+02  5.59087433e+03
  3.38226243e+02  5.58773073e+03
  3.37725604e+02  5.58453970e+03
  3.37217536e+02  5.58130132e+03
  3.36702094e+02  5.57801594e+03
  3.36179209e+02  5.57468312e+03
  3.35648939e+02  5.57130323e+03
  3.35111297e+02  5.56787634e+03
  3.34566297e+02  5.56440256e+03
  3.34013954e+02  5.56088198e+03
  3.33454283e+02  5.55731468e+03
  3.32887298e+02  5.55370077e+03
  3.32313016e+02  5.55004035e+03
  3.31731497e+02  5.54633380e+03
  3.31142666e+02  5.54258064e+03
  3.30546586e+02  5.53878128e+03
  3.29943271e+02  5.53493580e+03
  3.29332739e+02  5.53104433e+03
  3.28715006e+02  5.52710695e+03
  3.28090089e+02  5.52312378e+03
  3.27458004e+02  5.51909493e+03
  3.26818768e+02  5.51502050e+03
  3.26172400e+02  5.51090061e+03
  3.25518968e+02  5.50673569e+03
  3.24858386e+02  5.50252520e+03
  3.24190727e+02  5.49826959e+03
  3.23516006e+02  5.49396898e+03
  3.22834242e+02  5.48962348e+03
  3.22834242e+02  5.48962348e+03
  3.22157977e+02  5.48531303e+03
  3.21496008e+02  5.48109370e+03
  3.20828423e+02  5.47683857e+03
  3.20155112e+02  5.47254694e+03
  3.19476181e+02  5.46821950e+03
  3.18791573e+02  5.46385587e+03
  3.18101236e+02  5.45945572e+03
  3.17405279e+02  5.45504003e+03
  3.16703648e+02  5.45095677e+03
  3.15996289e+02  5.44684019e+03
  3.15283318e+02  5.44269094e+03
  3.14564625e+02  5.43850839e+03
  3.13840328e+02  5.43429323e+03
  3.13110374e+02  5.43004515e+03
  3.12374712e+02  5.42576385e+03
  3.11633465e+02  5.42145004e+03
  3.10886521e+02  5.41710308e+03
  3.10134006e+02  5.41272370e+03
  3.09375868e+02  5.40831160e+03
  3.08612058e+02  5.40386648e+03
  3.07842703e+02  5.39938910e+03
  3.07067753e+02  5.39487916e+03
  3.06287156e+02  5.39033635e+03
  3.05501048e+02  5.38576147e+03
  3.04709312e+02  5.38115384e+03
  3.03912088e+02  5.37602486e+03
  3.03109322e+02  5.36886139e+03
  3.02300966e+02  5.36164805e+03
  3.01487159e+02  5.35438606e+03
  3.00667784e+02  5.34707439e+03
  2.99842987e+02  5.33971433e+03
  2.99012714e+02  5.33230541e+03
  2.98176917e+02  5.32484720e+03
  2.97335741e+02  5.31734099e+03
  2.96489068e+02  5.30978572e+03
  2.95637048e+02  5.30218274e+03
  2.94779629e+02  5.29453157e+03
  2.93916760e+02  5.28683179e+03
  2.93048593e+02  5.28066353e+03
  2.92175077e+02  5.27534890e+03
  2.91296162e+02  5.27000141e+03
  2.90412002e+02  5.26462202e+03
  2.89522476e+02  5.25920997e+03
  2.88627743e+02  5.25376625e+03
  2.87727749e+02  5.24829052e+03
  2.86822445e+02  5.24278248e+03
  2.85911991e+02  5.23724310e+03
  2.84996264e+02  5.23167165e+03
  2.84075427e+02  5.22606910e+03
  2.83149427e+02  5.22043514e+03
  2.82218214e+02  5.21476947e+03
  2.81281954e+02  5.20907308e+03
  2.80340592e+02  5.20276965e+03
  2.79394078e+02  5.19585913e+03
  2.78442582e+02  5.18891224e+03
  2.77485975e+02  5.18192802e+03
  2.76524430e+02  5.17490776e+03
  2.75557894e+02  5.16785105e+03
  2.74586312e+02  5.16075751e+03
  2.73609862e+02  5.15362842e+03
  2.72628412e+02  5.14646283e+03
  2.71642140e+02  5.13926204e+03
  2.70650992e+02  5.13202563e+03
  2.69654914e+02  5.12475325e+03
  2.68654087e+02  5.11744618e+03
  2.67648455e+02  5.11033207e+03
  2.66637966e+02  5.10356926e+03
  2.65622803e+02  5.09677518e+03
  2.64602830e+02  5.08994890e+03
  2.63578235e+02  5.08309169e+03
  2.62548960e+02  5.07620315e+03
  2.61514952e+02  5.06928295e+03
  2.60476399e+02  5.06233232e+03
  2.59433165e+02  5.05535036e+03
  2.58385439e+02  5.04833835e+03
  2.57333165e+02  5.04129589e+03
  2.56276289e+02  5.03402343e+03
  2.55215005e+02  5.02514498e+03
  2.54149171e+02  5.01622847e+03
  2.53078983e+02  5.00727554e+03
  2.52004385e+02  4.99828571e+03
  2.50925321e+02  4.98925852e+03
  2.49841989e+02  4.98019563e+03
  2.48754331e+02  4.97109654e+03
  2.47662293e+02  4.96196082e+03
  2.46566073e+02  4.95279011e+03
  2.45465529e+02  4.94358322e+03
  2.44360864e+02  4.93434186e+03
  2.43252019e+02  4.92506553e+03
  2.42138937e+02  4.91575376e+03
  2.41021826e+02  4.90640827e+03
  2.39900537e+02  4.89702784e+03
  2.38775278e+02  4.88761419e+03
  2.37645991e+02  4.87824756e+03
  2.36512620e+02  4.86939815e+03
  2.35375373e+02  4.86051847e+03
  2.34234191e+02  4.85160808e+03
  2.33089017e+02  4.84266652e+03
  2.31940063e+02  4.83369543e+03
  2.30787179e+02  4.82469367e+03
  2.29630579e+02  4.81566289e+03
  2.28470205e+02  4.80660264e+03
  2.27305998e+02  4.79751246e+03
  2.26138173e+02  4.78839404e+03
  2.24966581e+02  4.77924619e+03
  2.23791438e+02  4.77014525e+03
  2.22612685e+02  4.76286316e+03
  2.21430264e+02  4.75555841e+03
  2.20244395e+02  4.74823236e+03
  2.19054923e+02  4.74088405e+03
  2.17862072e+02  4.73351487e+03
  2.16665780e+02  4.72612442e+03
  2.15465990e+02  4.71871237e+03
  2.14262924e+02  4.71128008e+03
  2.13056523e+02  4.70382719e+03
  2.11846727e+02  4.69635332e+03
  2.10633763e+02  4.68885988e+03
  2.09417472e+02  4.68134589e+03
  2.08198086e+02  4.67296041e+03
  2.06975541e+02  4.66341473e+03
  2.05749779e+02  4.65384393e+03
  2.04521029e+02  4.64424980e+03
  2.03289133e+02  4.63463111e+03
  2.02054323e+02  4.62498965e+03
  2.00816537e+02  4.61532497e+03
  1.99575716e+02  4.60563659e+03
  1.98332093e+02  4.59592633e+03
  1.97085606e+02  4.58619371e+03
  1.95836197e+02  4.57643827e+03
  1.94584098e+02  4.56637552e+03
  1.93329151e+02  4.55461710e+03
  1.92071591e+02  4.54283421e+03
  1.90811358e+02  4.53102626e+03
  1.89548391e+02  4.51919271e+03
  1.88282928e+02  4.50733576e+03
  1.87014809e+02  4.49545393e+03
  1.85744272e+02  4.48354944e+03
  1.84471255e+02  4.47162172e+03
  1.83195700e+02  4.45967022e+03
  1.81917846e+02  4.44919023e+03
  1.80637631e+02  4.43875966e+03
  1.79354997e+02  4.42830937e+03
  1.78070185e+02  4.41784133e+03
  1.76783032e+02  4.40735422e+03
  1.75493781e+02  4.39685003e+03
  1.74202371e+02  4.38632823e+03
  1.72908743e+02  4.37578837e+03
  1.71613141e+02  4.36523243e+03
  1.70315402e+02  4.35465907e+03
  1.69015771e+02  4.34348704e+03
  1.67714188e+02  4.33187239e+03
  1.66410591e+02  4.32023978e+03
  1.65105230e+02  4.30859142e+03
  1.63797939e+02  4.29692584e+03
  1.62488965e+02  4.28524524e+03
  1.61178249e+02  4.27354910e+03
  1.59865731e+02  4.26183687e+03
  1.58551659e+02  4.25011078e+03
  1.57235971e+02  4.23837027e+03
  1.55918610e+02  4.22661483e+03
  1.54599824e+02  4.21484668e+03
  1.53279450e+02  4.20306435e+03
  1.51957739e+02  4.19127009e+03
  1.50634628e+02  4.17946335e+03
  1.49310060e+02  4.16764360e+03
  1.47984287e+02  4.15581309e+03
  1.46657142e+02  4.14397035e+03
  1.45328880e+02  4.13211763e+03
  1.43999440e+02  4.12025440e+03
  1.42668762e+02  4.10838013e+03
  1.41337100e+02  4.09649708e+03
  1.40004394e+02  4.08460471e+03
  1.38670585e+02  4.07270250e+03
  1.37335927e+02  4.06079271e+03
  1.36000255e+02  3.77723346e+03
  1.34663827e+02  3.64900406e+03
  1.34663827e+02  3.64900406e+03
  1.33857059e+02  3.30344375e+03
  1.33057502e+02  3.15041475e+03
  1.32260440e+02  3.03661379e+03
  1.31465781e+02  2.94595375e+03
  1.30673434e+02  2.86817834e+03
  1.29883483e+02  2.80621294e+03
  1.29095778e+02  2.76403854e+03
  1.28310405e+02  2.74700864e+03
  1.27527275e+02  2.73088193e+03
  1.26746302e+02  2.71479963e+03
  1.25967569e+02  2.69876347e+03
  1.25967569e+02  2.69876347e+03
  1.25234676e+02  2.68367126e+03
  1.24507766e+02  2.66870227e+03
  1.23782649e+02  2.65377020e+03
  1.23059414e+02  2.63887688e+03
  1.22337982e+02  2.62402070e+03
  1.21618331e+02  2.60920120e+03
  1.20900442e+02  2.60105417e+03
  1.20184235e+02  2.59408212e+03
  1.19469804e+02  2.58712734e+03
  1.18757069e+02  2.58018908e+03
  1.18046013e+02  2.57326717e+03
  1.17336615e+02  2.56636139e+03
  1.16628802e+02  2.55947104e+03
  1.15922663e+02  2.55259699e+03
  1.15218126e+02  2.54573853e+03
  1.14515173e+02  2.53889549e+03
  1.13813729e+02  2.53206715e+03
  1.13113888e+02  2.52525440e+03
  1.12415577e+02  2.51845656e+03
  1.11718780e+02  2.51167344e+03
  1.11023479e+02  2.50490490e+03
  1.10329605e+02  2.49815024e+03
  1.09637249e+02  2.49141036e+03
  1.08946341e+02  2.48468458e+03
  1.08256866e+02  2.47938447e+03
  1.07568808e+02  2.47477957e+03
  1.06882100e+02  2.47018370e+03
  1.06196833e+02  2.46559748e+03
  1.05512941e+02  2.46102046e+03
  1.04830407e+02  2.45645253e+03
  1.04149220e+02  2.45189361e+03
  1.03469310e+02  2.44734324e+03
  1.02790773e+02  2.44280206e+03
  1.02113542e+02  2.43826962e+03
  1.01437603e+02  2.43374583e+03
  1.00762944e+02  2.42923060e+03
  1.00089500e+02  2.42472350e+03
  9.94173642e+01  2.42022516e+03
  9.87464726e+01  2.41573515e+03
  9.80768120e+01  2.41125337e+03
  9.74083207e+01  2.40677942e+03
  9.67410906e+01  2.40231391e+03
  9.60750586e+01  2.39785642e+03
  9.54102135e+01  2.39340688e+03
  9.47465457e+01  2.38898075e+03
  9.40839923e+01  2.38503923e+03
  9.34226478e+01  2.38110490e+03
  9.27624492e+01  2.37717739e+03
  9.21033878e+01  2.37325664e+03
  9.14454532e+01  2.36934260e+03
  9.07885855e+01  2.36543491e+03
  9.01328778e+01  2.36153411e+03
  8.94782697e+01  2.35763986e+03
  8.88247521e+01  2.35375209e+03
  8.81723168e+01  2.34987077e+03
  8.75209051e+01  2.34599553e+03
  8.68706101e+01  2.34212693e+03
  8.62213727e+01  2.33826463e+03
  8.55731845e+01  2.33440857e+03
  8.49260382e+01  2.33055871e+03
  8.42798763e+01  2.32671470e+03
  8.36347918e+01  2.32287710e+03
  8.29907267e+01  2.31904557e+03
  8.23476748e+01  2.31522006e+03
  8.17055793e+01  2.31140025e+03
  8.10645332e+01  2.30758667e+03
  8.04244795e+01  2.30377900e+03
  7.97854125e+01  2.29997721e+03
  7.91473260e+01  2.29618124e+03
  7.85101633e+01  2.29239077e+03
  7.78740198e+01  2.28860636e+03
  7.72388382e+01  2.28482768e+03
  7.66046135e+01  2.28105468e+03
  7.59713390e+01  2.27728734e+03
  7.53389614e+01  2.27352534e+03
  7.47075748e+01  2.26976923e+03
  7.40771229e+01  2.26601868e+03
  7.34476024e+01  2.26227367e+03
  7.28190075e+01  2.25853417e+03
  7.21912844e+01  2.25479986e+03
  7.15645283e+01  2.25107130e+03
  7.09386840e+01  2.24734816e+03
  7.03137475e+01  2.24363042e+03
  6.96897160e+01  2.23991807e+03
  6.90665354e+01  2.23621078e+03
  6.84442994e+01  2.23250911e+03
  6.78229564e+01  2.22881275e+03
  6.72025015e+01  2.22512167e+03
  6.65829325e+01  2.22143586e+03
  6.59641974e+01  2.21775502e+03
  6.53463899e+01  2.21407969e+03
  6.47294577e+01  2.21040957e+03
  6.41133979e+01  2.20674464e+03
  6.34981593e+01  2.20308460e+03
  6.28838353e+01  2.19906691e+03
  6.22703756e+01  2.19496127e+03
  6.16577777e+01  2.19086139e+03
  6.10460388e+01  2.18676726e+03
  6.04351086e+01  2.18267855e+03
  5.98250814e+01  2.17859588e+03
  5.92159065e+01  2.17451891e+03
  5.86075819e+01  2.17044763e+03
  5.80001052e+01  2.16638203e+03
  5.73934281e+01  2.16232178e+03
  5.67876434e+01  2.15826750e+03
  5.61827026e+01  2.15421887e+03
  5.55786026e+01  2.15017586e+03
  5.49753440e+01  2.14613849e+03
  5.43728768e+01  2.14210641e+03
  5.37712948e+01  2.13808026e+03
  5.31705501e+01  2.13405971e+03
  5.25706402e+01  2.13004475e+03
  5.19715660e+01  2.12603538e+03
  5.13732781e+01  2.12203128e+03
  5.07758715e+01  2.11803307e+03
  5.01792963e+01  2.11404043e+03
  4.95835529e+01  2.11005335e+03
  4.89885949e+01  2.10580990e+03
  4.83945145e+01  2.10147251e+03
  4.78012650e+01  2.09714118e+03
  4.72088469e+01  2.09281592e+03
  4.66172595e+01  2.08849672e+03
  4.60264558e+01  2.08418325e+03
  4.54365288e+01  2.07987618e+03
  4.48474326e+01  2.07557517e+03
  4.42591680e+01  2.07128024e+03
  4.36717346e+01  2.06699137e+03
  4.30850873e+01  2.06270824e+03
  4.24993176e+01  2.05843152e+03
  4.19143802e+01  2.05416088e+03
  4.13302763e+01  2.04989632e+03
  4.07470069e+01  2.04563786e+03
  4.01645263e+01  2.04138515e+03
  3.95829270e+01  2.03713888e+03
  3.90021643e+01  2.03289872e+03
  3.84222396e+01  2.02866467e+03
  3.78431543e+01  2.02443675e+03
  3.72648633e+01  2.02021464e+03
  3.66874587e+01  2.01599899e+03
  3.61108964e+01  2.01171959e+03
  3.55351782e+01  2.00743842e+03
  3.49602607e+01  2.00316320e+03
  3.43862357e+01  1.99889462e+03
  3.38130583e+01  1.99463234e+03
  3.32407318e+01  1.99037639e+03
  3.26692567e+01  1.98612677e+03
  3.20985915e+01  1.98188317e+03
  3.15288263e+01  1.97764627e+03
  3.09599194e+01  1.97341574e+03
  3.03918717e+01  1.96919161e+03
  2.98246853e+01  1.96497388e+03
  2.92583194e+01  1.96076225e+03
  2.86928634e+01  1.95655739e+03
  2.81282764e+01  1.95235899e+03
  2.81282764e+01  1.95235899e+03
  2.74893760e+01  1.94760798e+03
  2.68550639e+01  1.94289109e+03
  2.62218217e+01  1.93818216e+03
  2.55897405e+01  1.93467503e+03
  2.49587363e+01  1.93129658e+03
  2.43289012e+01  1.92792439e+03
  2.37001517e+01  1.92455801e+03
  2.37001517e+01  1.92455801e+03
  2.30027939e+01  1.92082430e+03
  2.23104043e+01  1.91711718e+03
  2.16189043e+01  1.91341483e+03
  2.09282818e+01  1.90971718e+03
  2.09282818e+01  1.90971718e+03
  2.03996927e+01  1.90688707e+03
  1.98757216e+01  1.90408168e+03
  1.93540975e+01  1.90128886e+03
  1.88347825e+01  1.89850841e+03
  1.83177423e+01  1.89574013e+03
  1.78030566e+01  1.89298446e+03
  1.72906905e+01  1.88844901e+03
  1.67806075e+01  1.87967071e+03
  1.62728887e+01  1.87093309e+03
  1.57674969e+01  1.86223552e+03
  1.52643989e+01  1.85357743e+03
  1.47636716e+01  1.84496013e+03
  1.42652812e+01  1.83638305e+03
  1.37691920e+01  1.82784557e+03
  1.32754826e+01  1.81934905e+03
  1.32754826e+01  1.81934905e+03
  1.27879022e+01  1.81095801e+03
  1.23037067e+01  1.80262521e+03
  1.18208818e+01  1.79431601e+03
  1.13393901e+01  1.78602975e+03
  1.08592985e+01  1.77776758e+03
  1.03805695e+01  1.76952887e+03
  9.90320050e+00  1.76131356e+03
  9.42718764e+00  1.75312158e+03
  8.95252978e+00  1.73650084e+03
  8.47919028e+00  1.71691761e+03
  8.00723525e+00  1.69739166e+03
  7.53662783e+00  1.67792147e+03
  7.06736585e+00  1.65850694e+03
  7.06736585e+00  1.65850694e+03
  6.60287538e+00  1.63928981e+03
  6.14028292e+00  1.62015122e+03
  5.67773704e+00  1.60101455e+03
  5.21523120e+00  1.58187953e+03
  4.75275756e+00  1.56274585e+03
  4.29031105e+00  1.54361329e+03
  3.82788529e+00  1.52448159e+03
  3.36547395e+00  1.50535049e+03
  2.90307071e+00            -inf
  2.44066935e+00            -inf
  2.44066935e+00            -inf
  1.82607686e+00            -inf
  1.21469267e+00            -inf
  6.03311300e-01            -inf
  6.03311300e-01            -inf
  3.35870182e-01            -inf
  3.35870182e-01            -inf
  2.99686375e-02            -inf
  2.99686375e-02            -inf
  0.00000000e+00            -inf
